RMB=0.146239
HKD=0.128216